x,random+software+w_8,random+software+w_64,random+universal+w_8,random+universal+w_64,min-len
4,16.1,16.8,14.3,15.3,7
8,31.4,33.8,28.0,32.7,11
16,56.4,58.8,52.8,60.4,19
32,122.4,114.0,113.6,114.2,35
64,242.2,230.1,230.4,240.2,67
128,483.6,470.9,486.4,492.2,131
256,975.8,956.8,996.4,1004.5,259
512,1982.3,1961.4,1983.9,1936.2,515
1024,3980.4,3977.2,3970.7,3956.3,1027
2048,8005.2,8158.3,7988.9,8005.7,2051
