x,random+software+w_8,random+software+w_64,random+universal+w_8,random+universal+w_64,min-len
4,16.6,18.4,19.6,17.8,8
8,27.5,25.8,27.7,28.7,12
16,43.4,45.0,43.9,45.4,20
32,79.6,80.7,78.3,78.8,36
64,148.1,148.9,146.8,145.6,68
128,282.1,282.1,278.3,282.9,132
256,548.2,541.6,539.8,544.7,260
512,1073.7,1059.4,1068.2,1064.9,516
1024,2094.8,2105.0,2112.2,2119.8,1028
2048,4177.6,4191.3,4182.8,4181.6,2052
4096,8297.0,8352.4,8318.4,8296.4,4100
